    321.57    509.57    292.50    128.71     43.14    109.57     77.29     21.57    162.14    162.86     28.43     45.57     13.86      9.29     80.57    198.00    140.57      7.14    165.00    179.33    127.43     24.57     10.43      8.71     12.43     14.43     99.50    149.29     76.86     51.67     34.50
    166.67    528.83    244.40     19.83     18.83     19.50     18.50     20.50     55.80     47.33     21.50     23.40     15.60     33.17    245.33     82.80     43.67     10.67     21.60     50.00    131.17     14.83      7.60      4.50     20.83     21.00     57.00     85.50     18.83     72.50     13.67
    142.50    118.00     18.50     34.50     12.00     12.75     11.25      5.00     10.00      5.25      4.33     11.75     10.25      6.75     27.50     22.25      8.25      4.50     12.67     18.50     36.25     21.25      3.50      7.75     20.75     19.25     97.00     88.25      6.75      8.75     14.00
    126.50    343.00    310.00    106.50     42.25     90.50     99.00    142.50    136.25    246.25     34.25     43.25     52.25     23.75     44.50    173.25     88.75     52.75     92.75     90.50    116.50     32.75     17.50      8.25     19.25     13.25     73.50    106.50     85.33     27.25     57.00
    266.25    411.50    443.50    156.75     31.75    109.75     58.75     95.00    295.50    304.75     27.50     60.00     17.00     18.33     34.50    234.75    128.50     74.50     90.50    127.00    106.25     45.75     16.50     11.33     15.50     26.75    109.75     99.25     57.50     27.00     61.00
    162.17    250.17    253.17     48.50     32.17    103.67     49.17    100.67    168.17    136.17     28.67     47.83     44.67     95.17    114.67    147.00     48.83     29.00     85.83    205.17     82.33     10.33      9.50      5.17     58.00     52.67    128.33     73.33     21.17     43.67     61.00
     76.80    111.40    102.00      7.80      8.75      8.40      5.67     12.50     32.60     18.40      8.00      9.40     14.75     23.40     30.80     52.40     19.50      8.20     20.40     18.50     44.40      8.40      7.40      6.00      9.20     10.60     30.40     70.20     19.00      9.75      9.60
    147.00    287.33     99.00    116.00      9.33     15.67     13.00      9.33    161.67     43.00      4.50     26.00     73.00     99.67    137.67     89.33     79.33     19.00     17.67     45.33     89.00     13.00      7.67      6.67     18.00      5.67     16.33     44.33     12.00     22.67      7.33
    238.00    231.50     69.67     15.00     29.00     24.00      5.00      7.50     88.00     29.67      8.50      9.67     28.67     69.00    111.33     91.67     11.67     13.00     42.67    103.00     85.67     12.00     13.00     14.33     23.00     16.67     89.67     82.67     31.33     46.33     11.33
    185.00    383.67    301.67    121.33     37.00    107.00     33.50    185.67    173.00    382.33     23.33     51.00     57.00     34.33    189.33    229.33     53.33    110.33     59.33     63.00    148.67     21.33     34.33     34.67     42.00     43.67     96.67    167.33     34.00     47.33    144.33
     58.40     42.00     17.40      8.80      7.25     10.80      5.60      8.00     17.00     13.80      8.60     11.20      6.80     10.40     33.25    147.20     12.00     13.00      9.00     19.00     14.20     10.20     20.33      5.50     13.00      7.00     22.75     10.20     75.00     10.40      8.40
    140.43    165.12    111.00     81.33     48.38     16.25     30.25     25.00     52.12     89.12     41.00     30.12     49.43     19.38     48.88     75.50     13.75      5.88     27.50     67.12     49.62      9.62      9.38     22.75     42.88     25.62     40.00     69.38    103.25     89.75     19.25
     82.50     60.20     35.40      6.80     39.20     35.00     21.20     51.80     57.20     11.67     15.83     13.50     45.00     16.17     50.17     47.33      8.60     14.67     40.67     57.17     27.83      9.20     11.00     32.83     43.67     55.83     64.83     28.83     53.00     11.80     40.83
    117.50    115.50     65.67    147.17    109.60     25.17     17.80     20.50     62.83    184.17     87.83     84.83     31.17     17.50     30.67    113.67     72.00     11.00     14.40    118.17    229.00      6.17      9.33     21.00     25.83     30.33     73.00     96.60    102.80     80.20     24.60
    274.50    279.75    241.75    291.50    189.75    131.25     44.75     45.25    122.33    179.00     60.50    164.75     71.25     56.75    127.00    254.50     27.25     16.00     89.25    113.00    162.50     21.00     18.50     19.75     33.00     53.00    166.25    196.67    196.00    128.67    173.25
    102.12    121.86    192.38     11.57     43.00     72.00     56.00    126.57     89.62      9.25     17.57     68.38     62.29     38.43     62.50    118.00     27.75     29.43     50.62     73.50      9.88      8.38      7.88     30.50     41.25     58.75     60.50     23.86     62.62     14.33     34.62
    142.17    167.50     68.33     12.33     66.83     33.17     23.00     80.33    147.83     14.83     76.00     29.67    112.50     46.17    102.83    132.17     79.00     16.40    107.50     94.33     14.67     10.83     11.00     62.00    147.33     76.17     99.00     55.17     81.17     17.33     47.83
     21.00     30.80      9.25     17.80     17.80     11.20      9.00     12.25     31.00     18.40      7.60     28.00      4.80      9.40     32.60      9.40      8.00      8.00      7.20     11.60     15.80      8.00      8.60      7.40      6.00      8.00     31.80     25.40     48.20     13.00      6.33
    125.00    112.00     53.50     22.50     23.50     35.50     41.50     34.00     66.00     31.50     23.00     33.00     28.00     35.50     95.50     95.50     30.00     20.50     34.50     35.00     52.00     35.50     25.50     62.00     43.50     39.50     45.00    167.50     37.00     40.50     32.00
     82.10    265.78    232.90     20.00     39.78     21.67     10.00     14.30     93.50     12.90      8.00     11.89      8.00     17.50     89.90     58.50     23.78     13.50      6.67     26.78     33.00     48.60      9.78      8.00     19.40     64.90     53.80     72.50     34.80     18.30     17.00
     96.00    158.00     58.00     35.00      9.00     11.00      6.00     15.00     24.00     26.00     19.00      9.00      8.00     44.00     88.00    171.00     23.00      9.00     11.00     31.00     40.00     17.00     18.00      5.00     17.00     18.00     19.00     69.00     25.00     17.00     21.00
     69.00     80.50     39.00     16.00     14.50     18.00     14.00     24.00     29.50     27.00     20.50     15.00     13.50     24.00     71.50     70.00     20.50     11.50     18.00     25.50     33.00     21.00     19.00     18.50     19.50     23.00     10.00     38.50     24.50     20.50     21.00
    123.60     40.40     62.40     11.80     22.11     23.20     22.44     54.70     27.90     52.50     35.56     42.50     22.20     30.20     66.90     71.00     50.40     49.10     55.40     40.89     37.88     72.50     52.90     36.80     33.60     18.10     25.78     46.90     33.44     33.56     38.60
    116.40     81.36    151.12     47.90     44.36     41.82     49.11     72.50     30.30     36.44     56.20     41.64     56.91     59.56    215.90     70.00     59.00     88.90     40.11     63.70     85.60     62.78     99.12     65.60     57.09     38.50     31.36     28.67     70.60     62.40     64.11
     52.00    124.67    164.00    100.50     14.25     51.67     93.78     61.11    116.25     39.00     49.50     42.14    127.00    155.50    105.33    121.00     67.00    123.17     49.71     19.50     11.00     28.22     21.12     18.22     30.56     47.22     32.50    -99.00     23.75     24.00     56.43
    120.33     98.78     77.67    248.78     35.50     41.67    112.00     84.22    107.67    120.89     92.25     23.50    102.00    130.44     67.78    108.25     87.33    110.33     74.11     26.33     21.12     78.75     39.00     13.12     14.78     28.78     61.78     60.75     29.12     43.56     48.89
     58.50    105.50    119.25    201.75     26.75     53.67    128.00     69.25    102.75     85.75     62.25     56.50    110.00    108.50     81.50    116.00    101.25    111.25     65.25     21.50     50.00     58.33     15.75     13.00     30.00     35.50     97.75     84.00     33.25     41.50     63.50
    101.14    102.43    135.00    193.29     35.00     34.57     94.86    132.57    162.71    192.86     35.14     77.43    119.71     61.14     71.14     85.14    203.57     94.29     61.00     38.86     35.29     54.57     39.00     20.14     36.57     47.00     87.43    117.00     87.14     35.43     83.29
     71.17     97.33     82.17    214.50     27.17     61.00    132.83     66.40    106.00    106.17     64.20     40.83    114.67     90.50     70.17    121.17     88.00    104.33     52.00     20.33     48.75     88.40     14.17     15.17     29.50     36.00     84.83     41.40     28.17     48.50     80.83
     59.14     54.00    144.29    134.33     14.00     43.43    123.71     59.71    115.50     57.38     53.50     73.50    101.50    103.00     57.25     96.00     84.33    107.38     58.12     14.00     35.00     45.50     14.50     14.38     22.62     29.25     76.25     52.00     26.14     28.12     52.75
     53.20    126.80    118.20    186.20     17.50     37.00     67.80     71.00    115.80     87.00     61.40     30.00     91.40    161.20     94.40     59.60     62.80     73.20     45.00     11.80     20.25     69.20     19.00     16.00     33.25     59.80     47.00     29.50     22.20     22.00     59.20
     95.50    147.50    147.00    128.00     15.00     58.00     35.00    112.50    177.33    200.75     17.00     53.25     89.00    191.75    136.00    107.00    121.50     44.50     61.75      9.75     31.25     66.25     18.00     19.67     51.25     56.00     98.75     56.75     37.00     32.00     43.25
    106.50    110.25    121.25    157.75     12.50     29.25     27.00     88.50    124.00    131.75     32.00     31.33     99.50    119.00     68.50     95.75     74.75     37.75     44.00     12.33     19.25     86.00     20.33     14.25     27.25     37.25     51.50     16.50     32.50     30.00     30.50
    107.00    121.75     91.00    265.25     27.67     31.75     73.33     48.00     97.67    118.67     69.33     25.50     81.33     75.33     78.00     97.25     61.00     60.25     38.75     23.25     25.25     73.25     24.33     10.25     13.75     36.00     64.00     34.00     32.67     37.25     49.00
     85.75    119.50     84.50    213.50     18.25     41.50     63.50     49.00    120.33    121.75     65.25     25.25     86.25    105.25     71.25     81.75     80.50     57.50     52.50     24.50     33.00     95.25     19.75     13.50     29.00     50.00     81.00     30.25     34.75     36.25     63.25
    110.50    140.25    168.50    227.25     20.00     31.00     35.50    178.50    133.25    168.00     29.25     57.00    131.33     90.75     87.75     91.50    286.50    107.50     65.75     50.67     38.75     97.00     24.00     20.00     42.00     55.75     98.25     84.00     70.67     39.50     55.75
    134.10     77.27    108.60    180.36     28.11     55.45     91.45     86.36    107.30    140.27     45.40     49.91     69.60     93.70     61.30     92.90     33.75    216.45     65.20     43.27     32.70     47.75     26.44     18.55     17.50     27.89     55.55     70.40     26.78     46.09     83.45
     64.57     53.14     58.14     89.29      9.14     38.71     69.00     63.86     69.43     65.29     22.57     41.00     61.86     93.29     59.86     52.86     21.00    179.43     71.14     21.57      9.00     12.86     25.57     20.57     16.14     20.57     56.43     58.17     16.43     28.71     59.86
     54.75     38.00     65.00     78.33     76.75     11.25     51.75     72.75     56.75     63.25     19.50     15.50     28.50     79.00     55.25     53.75     13.50     35.50    180.25     57.25     17.25      9.67     49.75     16.50     15.50     29.75     33.00     37.75     35.25     12.50     24.75
     57.00     95.00    128.00    111.00     20.50     54.00     89.00     73.50     97.00     43.00     49.50     51.00     88.00    104.00     49.50     84.00     51.00    163.50     58.00     36.50     18.00     21.00     17.00     16.00     23.00     30.00     42.00    -99.00     27.00     26.50     63.00
     48.67     41.00     43.00     39.00      7.00     23.33     64.33     36.00     49.00     25.00     26.67     36.00     69.00    106.33     89.00     50.67     26.33    150.67     84.00      8.50      4.50     10.00     24.67     13.67     17.33     14.00     25.00     21.33     17.00     15.00     55.00
     63.00     43.33    122.67     91.33     44.33     11.67     52.33     51.67     61.67     55.33     12.67     38.33     44.00     72.67     58.00     79.00     15.00     61.67     82.50     39.00     13.00     13.33     46.00     22.67     15.33     31.00     42.50     44.50     49.00     29.00     32.50
     96.67     51.67     33.00     53.00     79.00     13.67     36.67     36.67     24.50     39.00      8.33     19.50     45.50     52.00     28.67     27.33     12.00     33.33    120.00     82.00      4.67     34.67     57.00     10.33     15.00     31.67     36.00     46.50      9.67     27.50     29.50
    111.33     63.33    155.00    228.67     18.50     50.67     86.67     94.00     83.33     66.00     29.33     42.33     70.67    115.33     70.33     52.33     33.67    227.00     80.33     28.67     34.33     58.00     23.00     17.00     14.67     18.00     56.67     70.00     22.00     51.33     78.33
     53.20     43.67     55.33     42.67     34.50     18.00     21.83     49.33     38.83     56.83     27.50     14.00     39.50     42.40     60.67     55.00     10.50     15.00    107.00     70.50     15.00      5.33      9.50     16.00     14.00     21.00     18.67     42.50     24.75     15.25     22.60
     32.33     61.00     91.33     92.00     72.67     19.33     23.00     41.33     30.00     43.67     11.00     21.00     23.33     30.50     46.00     36.00     41.00     19.50     65.67     22.50     11.67     10.00      9.00     19.67     11.00     21.33     25.00     24.00     21.33     22.67     21.33
     32.00     39.00     61.75     49.75     58.25     15.25     14.33     35.25     30.25     35.75     19.50     12.50     28.00     24.00     38.00     28.75     29.50     17.50     71.25     24.00     10.00      6.67      7.00     19.00     14.75     19.25     20.00     28.00     16.00     18.50     16.75
    120.00    162.89    112.75     51.75     28.60     32.83     30.17     56.00     41.50     56.20     25.75     27.62     27.43     62.00     50.67     40.75     29.25     55.88    118.00     76.00     20.50     14.00     68.60      7.89     23.89     39.38     59.22     10.50     31.50     33.57     17.20
    105.86    206.17    454.71    130.20    131.00    143.83     77.20    199.29    133.17    303.29     66.00     42.17     86.71     83.57     90.83    185.83     75.50     81.86     57.29    118.17    113.17     62.80     60.67     28.75     43.33    121.71    113.17    180.14     75.00     58.71     54.14
     82.14    153.00    294.88     58.00     34.75     93.17     49.44     63.62    133.33    207.50     27.89     43.33     70.50    117.43    207.50    137.80    106.17     48.57     13.25     21.86     41.11     50.25     18.62     20.62     37.88     55.00     51.88    106.83     88.00     19.88     55.00
     78.40    163.00    292.75    103.00     81.60     77.20     61.60    118.80     80.33    174.80     39.00     53.33     56.80     72.80     74.00    107.40     65.00     79.20     66.50     53.50    154.00     58.25     36.75     17.20     53.40    116.40     92.00    128.40     43.20     37.20     31.60
    159.20    211.75    247.50    176.00     74.60    108.40    106.00    212.60    267.75    253.60     42.20     93.40    154.40    224.25    121.25    152.40    305.40    107.00    103.40     65.20     50.00     94.50     42.80     24.75     70.20    101.80    114.50    138.50    112.75     59.75     90.80
    120.00    240.00    180.33     61.33     49.50     44.67     22.67     14.33    149.50     50.33     21.33     19.67    113.50    280.00    164.33    267.33     42.00     23.67     28.67     53.00     60.67     39.67     11.00     24.33     47.33     35.33     47.67    221.50     14.33     20.00     16.00
     72.25    143.50    267.40     16.00     25.50     27.75      8.00     12.75     37.50     54.60      9.25      9.25     15.00     52.40    130.80    144.40     41.33      8.40      5.40     11.20     31.50     20.00     10.75      8.80     47.60     48.50     47.67     75.25     19.33     12.80     31.00
    114.67    107.00    284.33     48.33     44.00     31.33     67.67     73.67     98.00    200.33     12.33     40.33     82.00    137.33    160.67    133.33     35.67     29.00     22.67     37.67     55.67     46.00     25.33     20.33     42.67     87.00     72.00    128.00     24.00     19.33     42.00
    131.00    166.33    250.33    338.67    134.00    182.33    120.67    181.67    263.00    386.33     83.50     56.50    144.00    231.33    116.50    153.67    128.33     98.00    118.33     89.67     55.50    125.33     45.00     28.33     49.00     80.33     86.67    115.67    129.33    154.00     99.67
    124.00    192.00    290.67    157.67     77.67    115.67     57.00     70.33     99.67    209.00     44.67     50.00     83.67     90.33     97.33    112.67     99.67     61.00     83.00    102.00     84.67    141.00     26.00     14.33     64.33     76.00     92.33    107.33     90.67     72.33     45.33
     69.00    124.00    192.67     16.00     26.67     34.33      7.50     27.67     29.00    136.50     20.67     17.00     11.33     34.67    109.50    134.67     71.00     14.33     10.67      9.67     34.00     15.67     10.33     12.67     54.00     67.67     33.00     58.50     12.00     17.33     48.67
    120.50    224.50    210.50    101.50     42.50     95.50     79.00     38.50    238.50    255.50     24.00     33.50     57.50    233.00    282.00    151.50    110.50     40.00     28.50      9.00     27.50     53.00     15.50     16.50     22.00     73.50    104.00     67.00     94.50     36.50     63.00
     91.00    155.67    244.33     85.33     75.00    111.50    109.33     84.00    205.33     89.00     64.00     46.00     86.33    173.67     88.00    173.50     82.33     67.00     80.00     83.33    124.50     89.67     34.50     18.00     85.67    192.67     94.00    107.00    101.50     52.00     48.00
    150.50    188.50    208.50    151.50     57.75    161.50     43.75    129.25    287.25    303.25     27.00     72.25     68.75    420.50    149.00    235.00    123.00     89.50     59.75     56.00     26.25     76.25     24.00     16.75     43.25     68.00    105.50    112.25     99.00     36.75     60.50
    208.50    269.50    318.50    121.00     24.00     92.00     22.50    246.50    282.50    319.50     37.50     48.00    143.00     75.00    179.50    250.00     66.50    128.50     62.50     68.50    162.00     18.50     42.50     34.50     49.00     43.50    128.00    167.50     30.00     31.50    104.50
    212.00    264.00    546.00     88.00     90.00     86.00     55.00    234.00    361.50    447.00     34.50     36.50    233.50    179.00    184.50    236.00     90.00     79.50     65.50    123.50     92.50     61.50     38.50     26.50     42.50     49.50     89.00    179.50     72.00     43.00     80.50
    148.00    163.00    240.00     81.00     45.33     60.67     15.00     22.67    166.67    195.00     28.67     22.33     78.00    207.67    121.33    198.67     59.00     40.33     28.33     45.50    103.67     24.00     10.67     18.33     67.00     27.00     77.33    138.67     13.67     26.33     11.67
    143.00    182.67    609.00    110.00    104.33    159.67    217.67    248.67    191.00    247.67     45.67     32.33    203.67     74.67     76.00    211.00    123.33    153.67    161.00    136.67     76.67    100.33     27.67     23.33     31.00     42.00     84.00    176.33    180.33     84.67     64.00
    198.56    113.22    747.14    225.86     75.00    158.33    111.57    231.89    498.71    446.67     26.78     66.44     26.00     20.33     52.67    262.22    157.33     13.22     79.57    232.22    135.67    109.44      9.67     12.50     23.00     27.78    127.00    216.78    173.67     45.67     86.62
     79.14    118.86    110.71    144.43     81.29     97.14     77.86     67.00     51.43     47.50     91.50    141.50     97.43     55.43     60.86     60.14     98.00     44.00    153.57    140.57     95.25     28.50     33.50     26.00     30.50     42.00     51.83     77.57    127.00    104.71     19.67
     81.71    113.86    133.43    171.71     76.33     98.71     90.86     72.60     43.29     55.71    103.43    121.71     87.50     63.67     68.00     56.00     89.33     57.00    124.29     87.86     71.83     46.50     40.17     31.17     39.00     45.57     51.86     64.00    111.29     87.17     28.33
     59.22     58.33    106.86     65.57      8.00     19.89     24.11     35.38     52.67     65.40     11.20     20.70     28.10     43.30      9.29     26.00      8.29     23.00     38.20     44.29     12.78      8.29     13.50     20.70     18.22     29.67     35.67     29.25     14.71     16.70     28.78
     60.00     62.40     70.60     82.80     61.75     18.75     20.60     24.20     39.20     40.00     11.25     16.60     24.80     34.60     12.00     21.75     12.00     18.00     40.60     73.50     12.00     11.00     19.20     22.60     18.00     23.60     19.80     18.60     15.20     25.50     20.00
     55.55     68.50     38.67     16.78     19.50     18.18     28.45     34.80     33.30     39.60      9.70     22.50     30.60     50.36     13.00     43.25     23.29     20.91     40.09     32.00     25.64     15.75     17.00     21.30     15.18     30.00     10.67     13.38      9.30     17.44     15.09
     64.25     73.75     43.50     11.50      2.50     26.50     32.25     46.25     26.75     34.75     13.25     24.00     39.33     44.75     11.50     27.00     18.67     25.33     41.25     45.50     34.00     10.00     14.50     19.75     17.75     35.50     13.00      2.00     14.00     25.75     12.50
     40.50     47.00     49.00     55.67     44.00     21.25     22.00     32.00     30.83     41.00     22.00     26.33     30.00     36.83     32.67     41.33     37.25     26.17     49.17     45.17     19.67     13.33      9.80     25.80     18.33     34.80     41.00     20.50     13.33     19.25     16.17
     66.25     75.71     93.33     54.67     16.25     21.71     28.12     38.62     54.12     57.38     13.00     22.38     40.38     53.71     10.17     47.33      9.00     29.62     40.43     42.67     19.62     10.83     15.50     19.00     20.12     36.25     38.00     29.20     22.00     23.50     30.00
     66.67     61.00     58.00     47.00     12.00     33.67     25.33     43.67     45.75     45.50     17.33     30.00     24.75     53.00     21.33     53.00     13.50     20.75     32.00     36.00     34.50     11.67     15.00     20.00     17.25     24.00     14.33     15.25     13.00     21.25     22.00
     36.33     33.50     95.00     94.33    -99.00     30.00     26.00     41.00     52.67     75.33     10.00     18.00     31.00     41.67      5.00     29.00     28.00     28.33     40.00     35.00     18.50    -99.00     12.00     40.00     19.00     27.00     20.00     23.00      1.00     23.00     25.00
     47.40     47.80     41.75     18.00     29.40     12.40     19.50     23.00     37.00     49.60      7.80     17.00     23.60     35.20     11.67     19.80      9.00     15.20     32.20     48.00     10.60      8.75     13.40     17.50     13.60     22.50     10.00     16.00     11.25      9.00     20.60
     48.00     51.67     58.67     66.33    -99.00     18.00     30.00     33.33     47.00     59.00     17.67     26.00     37.00     49.33     10.50     27.50     12.00     24.33     39.33     56.00     18.67      9.50     12.67     19.00     18.33     30.33     22.00     12.00     14.33     15.33     24.33
     41.75     51.25     36.00     19.50     15.33     19.50     21.75     34.50     32.25     31.50     14.50     24.00     38.00     46.00     21.67     30.50     18.67     19.00     34.50     41.50     28.67     19.25     14.25     25.25     24.00     39.25     32.50     21.67     18.50     23.25     15.75
     61.50     77.38     46.88     25.38     37.57     46.75     49.38     36.50     66.86      8.33     16.71     22.38     54.62     38.43     23.14     34.50     18.25     38.12     57.38     61.43     11.50     15.20     40.75     23.75     32.50     41.43     36.50     54.50     47.29     26.00     33.43
     81.83    102.83    119.00     56.50     73.20     24.80     35.50     25.60     27.40     19.75     17.33     22.60     38.00     24.75     20.75     56.00     16.67     38.50     51.67    104.83     18.60     18.00     82.33     20.17     42.67     50.33     58.83     71.40     20.80     42.40     20.50
     51.25     45.67     62.67     35.00     12.00     51.25     40.25     42.00     47.50     26.33     19.50     22.00     34.00     73.67     11.50     41.75     19.50     26.50     57.50     58.00     17.00     12.33     21.33     34.00     30.50     45.50     28.50     18.00     20.50     34.33     17.25
     41.60     25.40     26.00     15.50     17.00     18.25     19.00     15.60     22.80     18.60      8.40     20.25     26.40     17.00     17.80     17.20     18.00     21.00     21.40     13.75     32.00     22.75      5.40     11.20     20.60     17.50     14.40     18.80      8.20     20.75      8.00
    141.47    145.81    138.12    170.59     71.06     70.94     43.45     29.21     33.00     45.62     39.88     26.12     41.12     51.79     70.62     74.12     78.06     74.33     74.13     53.38     44.07     23.62     20.85     25.69     37.71     68.25     89.25     85.53    111.53    106.24    104.81
    160.50    146.17    119.33    138.17    162.67    149.00     60.33     99.33     72.83     61.83     51.67     53.33     55.17     52.50     84.33     40.00     68.33     67.83    131.50     33.33     36.17     31.83     15.67     20.50     39.33     50.33     62.00     94.17    107.17    117.50     79.00
     32.33     40.50     21.25     70.25     68.75     56.67     27.75     28.50     39.75     27.25     33.50     37.33     26.25     44.00     32.00     36.75     44.00     82.25     35.50     35.00     30.25     23.75     29.25     26.00     65.50     40.00     45.75     76.33     72.00     40.25     19.00
     20.50     12.20     10.00     11.80     17.60     16.50     13.83     13.60     12.50     17.40     32.33     18.57     14.00     14.00     12.75     13.33     30.40     26.25     22.20     20.60     20.29     13.00     23.00     30.33     48.14     38.00     14.29      9.60     18.50     25.75     36.17
     17.50     28.40     42.17     17.25     24.00     48.40     25.50     18.40     16.50     19.00     23.17     24.33     32.33     30.40     23.00     14.50     18.80     24.80     38.67     23.83     19.00     16.40     17.17     14.33     17.83     22.60     39.40     22.67     19.80     21.17     19.83
    128.64    233.36    138.15    224.46    213.54    309.92    104.67    116.54    153.69    128.67    134.17    113.75    112.42     35.50     76.75    125.00     42.73     23.27     34.46     66.31     95.25     15.18     15.73     12.82     39.30     49.42     75.46     73.46    148.38    133.85     21.00
     89.25    118.25    102.50    128.33    252.00    173.50    104.33     70.33     91.75     95.25     44.00    191.50     33.00     29.50     50.50     96.50     60.50     29.75     38.00     71.75     79.25     19.50     16.67     19.25     21.67     49.50     50.25    103.00    159.67    190.00    -99.00
    118.14     82.86     27.29     61.00    357.67    271.29    344.71    154.14    153.43     83.71     69.43    264.57    126.29     67.14     63.14     49.00     20.57     36.43     38.86     28.29    146.29     18.14     19.86     12.00     23.00     33.00     79.29     68.14    130.29    219.29     24.86
    193.25    258.25    380.00    215.75    290.67    341.00     42.75     51.25    215.50    233.75     81.00    142.00    103.25     33.50     89.50    130.50     42.50     18.00     39.25     91.00    106.67     11.00     18.50     12.67     48.25     51.00     69.25    102.00    175.67    144.75     30.33
    300.75    371.00    345.33    259.67    168.67    225.00     21.25     26.25    158.67    197.67    134.00    119.75     58.75     54.33     76.33    136.75     33.00     14.75     46.67     88.50    107.25      8.25      7.75     10.67     28.75     55.50     58.00    123.75    143.50    102.00     20.67
     75.33     84.33     42.33     52.67     25.50     24.50     24.25     31.00     54.00     51.50     27.00     28.00     37.00     27.25     57.25     64.25     18.00     14.50     27.25     36.25     42.00      9.25     17.75     13.75     21.75     27.00     59.00     59.00    148.25    182.67     10.00
    147.20     94.20     77.80    101.60     53.60     87.20     61.00     99.20    125.80     87.00     50.00     39.40     81.00     84.80    131.40    114.50     64.00     36.20     69.40     38.20     59.80      8.40     33.20     27.60     98.60     85.40    106.50     81.80    126.80     97.40     30.40
    104.75     72.50     90.50    116.75     61.00     89.00     97.50     81.75    105.75    135.25     92.00     47.50    118.25     97.25    122.50    100.00     86.75     71.25     80.00     68.75     76.67     22.00     40.67    117.50    106.25     60.50     68.00    116.00     96.50    106.50     81.00
     86.50    161.00     81.00     17.67     23.40     82.80     20.25     63.40    160.50     51.33     29.40     30.00    103.33    176.83    212.83     49.83     42.50     27.80     84.33     47.60     71.50     14.20     14.20     27.00     80.00    129.20     63.00     51.80     91.67     36.83     22.75
    149.00    104.67    208.50    278.17     88.75    197.50    103.00    139.40    174.80    246.71    258.00    149.75    145.00    207.40    277.67    213.50    215.80    174.50     42.00    191.50     90.33    262.67    260.50    212.67    207.25    230.75    279.00    445.29    364.20    213.60    267.43
