   114.490196       38.0317001       106.661285    
   118.184196       39.6447983       68.8825836    
   119.624901       39.9343987       26.4516125    
   114.514801       36.6087990       93.4138718    
   114.506401       37.0779991       114.924522    
   115.485001       38.8763008       86.9796829    
   117.928703       40.9639015       26.2780685    
   116.871101       38.3162003       55.9838715    
   116.723900       39.5480995       53.3070984    
   115.675003       37.7448006       115.961632    
   114.896500       40.8166008       21.1767750    
   112.519699       37.8535995       52.2277451    
   113.307800       40.0974998       35.1525841    
   113.561501       37.8615990       69.2261353    
   113.094299       36.1861992       127.376450    
   111.665001       40.8011017       55.6583900    
   109.907700       40.6273994       70.1738739    
   109.902000       39.7244987       15.6009665    
   121.616997       38.9454994       46.3719482    
   122.165199       40.6787987       36.0322571    
   122.039001       41.1235008       28.0645161    
   121.472397       31.2126007       65.6699982    
   118.776100       32.0626984       74.4993515    
   120.308197       31.5781994       74.4435501    
   117.217796       34.2573013       86.2809677    
   119.960999       31.7886009       72.4729004    
   120.605202       31.3022995       62.9219322    
   120.878799       31.9902992       63.5064507    
   119.250198       34.6501999       79.2983856    
   120.157700       33.3919983       60.9351616    
   119.421799       32.3921013       64.2525787    
   119.900398       32.4328995       66.2445221    
   118.283897       33.9556007       91.4974136    
   120.108299       30.2234001       72.0596771    
   121.631699       29.8670998       49.3374138    
   120.685898       27.9986000       44.7822609    
   120.734200       30.7700996       59.5499992    
   122.209999       29.9892006       40.0322571    
   121.359596       28.6247997       46.4193497    
   119.907204       28.4440002       38.5490341    
   120.595398       30.0307007       69.3812943    
   119.326599       26.0643997       34.2212906    
   118.123100       24.5816002       32.9083862    
   118.612900       24.9281998       27.1129017    
   115.884804       28.6910000       49.4287071    
   116.979401       36.6470985       118.846451    
   120.380600       36.1525993       80.9419403    
   118.013702       36.7443008       86.0454712    
   117.519897       34.8200989       131.827408    
   118.609398       37.4393997       80.1287155    
   121.386902       37.4967003       46.6412888    
   119.151604       36.7253990       74.9245224    
   116.588699       35.4150009       140.096466    
   117.112999       36.1880989       97.8174286    
   122.093102       37.4908981       47.1190338    
   119.504204       35.4145012       95.1290359    
   117.694504       36.2132988       101.359993    
   118.329399       35.0475998       117.774193    
   116.297401       37.4542999       121.774193    
   115.984299       36.4589996       142.612900    
   117.995102       37.3782005       80.1777344    
   115.450699       35.2518997       139.419983    
   113.652397       34.7762985       151.984833    
   113.156700       27.8687000       79.1900024    
   112.877701       27.8757000       77.8674240    
   113.602600       24.7674007       30.6741905    
   109.428802       24.3372993       45.2754860    
   108.990097       34.3059998       103.091942    
   109.007103       34.9896011       85.9749985    
   107.161102       34.3540993       102.971619    
   108.713097       34.3465996       121.379349    
   109.481903       34.5014000       113.005806    
   109.469200       36.6041985       44.9219398    
